1, 350.500000, 1062.500000
2, 350.000000, 1062.000000
3, 347.000000, 1062.000000
4, 350.000000, 1061.500000
5, 349.500000, 1063.000000
6, 349.000000, 1063.000000
7, 349.000000, 1062.500000
8, 349.000000, 1062.500000
9, 347.500000, 1063.000000
10, 347.000000, 1062.500000
11, 346.500000, 1062.500000
12, 345.500000, 1061.111084
13, 345.500000, 1059.660034
14, 345.000000, 1059.000000
15, 344.379303, 1056.724121
16, 344.718964, 1055.609497
17, 344.119537, 1054.497559
18, 344.773254, 1050.978638
19, 344.204376, 1050.965820
20, 343.418915, 1049.459473
21, 342.762177, 1048.361084
22, 343.358734, 1044.375854
23, 342.250000, 1044.000000
24, 340.500000, 1044.000000
25, 341.185242, 1041.513916
26, 340.500000, 1040.000000
27, 339.000000, 1038.000000
28, 337.747620, 1037.747559
29, 336.000000, 1036.000000
30, 334.500000, 1035.500000
31, 332.500000, 1034.500000
32, 331.500000, 1033.500000
33, 330.500000, 1031.500000
34, 330.500000, 1029.000000
35, 330.000000, 1026.500000
36, 328.500000, 1024.500000
37, 327.500000, 1023.000000
38, 326.500000, 1021.500000
39, 325.000000, 1019.500000
40, 324.500000, 1017.000000
41, 324.000000, 1015.000000
42, 323.000000, 1013.000000
43, 322.500000, 1010.500000
44, 322.500000, 1008.000000
45, 320.500000, 1006.500000
46, 319.500000, 1004.500000
47, 318.500000, 1002.000000
48, 317.500000, 1000.000000
49, 315.000000, 999.000000
50, 316.000000, 996.000000
51, 313.000000, 995.000000
52, 314.000000, 991.500000
53, 313.000000, 989.000000
54, 312.000000, 987.000000
55, 311.000000, 984.500000
56, 311.000000, 981.500000
57, 307.500000, 981.000000
58, 305.998627, 979.164856
59, 305.167572, 977.390137
60, 304.500000, 975.000000
61, 305.500000, 971.500000
62, 304.000000, 969.500000
63, 302.000000, 968.000000
64, 302.000000, 965.500000
65, 300.000000, 964.500000
66, 299.000000, 962.500000
67, 298.000000, 960.000000
68, 296.500000, 958.000000
69, 295.500000, 956.000000
70, 295.500000, 953.500000
71, 293.500000, 952.000000
72, 292.500000, 950.000000
73, 292.500000, 947.000000
74, 292.000000, 944.500000
75, 290.000000, 943.000000
76, 287.848206, 941.406250
77, 288.500000, 938.000000
78, 287.000000, 936.500000
79, 286.500000, 934.500000
80, 285.000000, 932.500000
81, 283.500000, 930.500000
82, 283.696136, 927.428162
83, 281.500000, 926.000000
84, 280.955719, 923.819641
85, 280.416656, 921.722229
86, 279.583344, 919.277771
87, 278.583344, 917.277771
88, 277.500000, 915.000000
89, 276.434875, 912.902283
90, 275.000000, 911.500000
91, 274.696136, 909.428162
92, 273.000000, 908.000000
93, 271.500000, 906.000000
94, 271.500000, 903.500000
95, 271.500000, 901.000000
96, 270.500000, 899.000000
97, 270.000000, 897.000000
98, 269.000000, 895.000000
99, 268.000000, 893.000000
100, 267.662781, 890.244202
101, 264.500000, 889.500000
102, 264.895416, 886.653564
103, 264.055176, 884.877258
104, 262.262634, 883.643982
105, 262.000000, 881.000000
106, 261.500000, 879.000000
107, 261.000000, 876.500000
108, 259.500000, 875.000000
109, 257.737366, 873.356018
110, 256.737366, 871.356018
111, 257.500000, 868.000000
112, 255.000000, 866.500000
113, 254.500000, 864.000000
114, 254.500000, 862.000000
115, 253.000000, 860.000000
116, 251.500000, 858.500000
117, 250.500000, 856.000000
118, 250.000000, 853.500000
119, 249.500000, 851.500000
120, 248.500000, 849.500000
121, 247.500000, 847.500000
122, 247.000000, 845.000000
123, 246.000000, 843.000000
124, 244.000000, 841.500000
125, 243.000000, 839.500000
126, 242.000000, 837.500000
127, 242.000000, 835.500000
128, 241.500000, 833.000000
129, 239.000000, 831.000000
130, 239.500000, 828.000000
131, 239.000000, 825.500000
132, 237.500000, 823.500000
133, 236.000000, 821.500000
134, 235.500000, 818.500000
135, 234.500000, 816.000000
136, 234.500000, 813.000000
137, 231.500000, 811.500000
138, 233.308914, 807.117859
139, 230.383209, 805.305359
140, 231.000000, 802.000000
141, 229.000000, 800.000000
142, 228.500000, 796.500000
143, 228.000000, 793.500000
144, 228.403839, 790.307678
145, 225.500000, 788.000000
146, 225.000000, 785.000000
147, 224.000000, 782.000000
148, 224.000000, 779.000000
149, 223.410263, 775.820496
150, 222.500000, 772.500000
151, 221.500000, 769.500000
152, 221.000000, 766.500000
153, 221.500000, 763.000000
154, 220.500000, 759.500000
155, 219.000000, 756.500000
156, 218.500000, 753.500000
157, 219.726410, 749.066040
158, 218.060455, 746.141052
159, 219.500000, 742.000000
160, 218.000000, 739.500000
161, 215.940002, 735.859985
162, 217.500000, 732.000000
163, 216.500000, 728.500000
164, 217.000000, 724.500000
165, 216.500000, 721.000000
166, 216.500000, 717.000000
167, 216.000000, 713.500000
168, 215.500000, 710.000000
169, 215.500000, 706.000000
170, 215.000000, 702.500000
171, 214.500000, 699.000000
172, 216.000000, 694.500000
173, 215.000000, 691.000000
174, 216.500000, 686.000000
175, 216.500000, 682.000000
176, 214.500000, 678.500000
177, 215.244186, 674.732544
178, 214.500000, 670.500000
179, 214.712769, 666.351074
180, 216.000000, 662.000000
181, 216.000000, 657.500000
182, 215.500000, 654.000000
183, 215.500000, 650.000000
184, 214.801071, 645.704285
185, 217.500000, 641.000000
186, 218.000000, 636.000000
187, 218.500000, 632.000000
188, 218.169067, 628.176270
189, 218.500000, 623.500000
190, 220.142593, 619.070374
191, 219.500000, 615.000000
192, 220.500000, 610.500000
193, 221.500000, 606.000000
194, 224.000000, 601.500000
195, 223.000000, 597.500000
196, 226.000000, 592.500000
197, 225.000000, 588.500000
198, 228.034729, 583.548584
199, 228.507355, 579.544128
200, 229.000000, 575.447754
201, 231.500000, 570.500000
202, 233.000000, 566.500000
203, 234.500000, 561.500000
204, 234.000000, 558.000000
205, 237.000000, 553.000000
206, 240.500000, 548.500000
207, 241.144516, 544.277466
208, 242.000000, 540.000000
209, 244.500000, 535.500000
210, 247.094757, 531.526245
211, 249.165710, 527.171448
212, 250.144516, 522.277466
213, 253.796143, 518.463501
214, 254.196259, 513.411194
215, 256.189667, 509.051727
216, 259.232147, 504.571442
217, 260.500000, 500.000000
218, 262.500000, 495.500000
219, 265.888763, 491.139282
220, 269.000000, 487.000000
221, 271.500000, 482.500000
222, 270.500000, 477.000000
223, 272.000000, 472.000000
224, 275.352631, 467.589478
225, 276.500000, 463.000000
226, 278.500000, 458.500000
227, 280.500000, 454.000000
228, 281.500000, 448.500000
229, 283.000000, 444.000000
230, 283.433807, 437.764801
231, 285.500000, 433.500000
232, 286.500000, 428.500000
233, 286.500000, 422.500000
234, 287.500000, 417.500000
235, 290.617218, 412.909119
236, 291.000000, 407.500000
237, 288.500000, 402.000000
238, 290.000000, 396.644928
239, 290.500000, 391.220581
240, 290.500000, 386.000000
241, 290.500000, 380.543488
242, 290.500000, 375.500000
243, 290.000000, 370.147064
244, 290.000000, 364.644928
245, 289.680267, 359.401398
246, 289.505127, 353.587036
247, 288.500000, 348.500000
248, 288.000000, 343.000000
249, 286.500000, 338.000000
250, 285.000000, 333.000000
251, 282.500000, 328.000000
252, 283.000000, 321.838470
253, 281.000000, 317.000000
254, 280.500000, 311.500000
255, 278.092712, 306.834503
256, 277.500000, 301.500000
257, 276.000000, 296.500000
258, 272.732605, 291.802704
259, 271.817566, 286.813171
260, 270.875824, 282.251678
261, 268.723907, 276.843506
262, 266.797455, 271.784821
263, 264.994507, 266.961548
264, 263.100006, 261.950012
265, 261.133698, 257.143707
266, 259.446838, 252.021439
267, 258.000000, 247.000000
268, 256.000000, 242.000000
269, 253.805984, 237.381775
270, 252.322433, 232.316193
271, 250.322433, 227.316193
272, 246.815796, 223.500000
273, 245.787460, 218.608063
274, 242.563614, 214.527863
275, 240.500000, 210.000000
276, 238.164566, 205.904648
277, 234.500000, 201.778687
278, 232.500000, 197.434433
279, 229.316559, 193.529251
280, 227.349686, 189.539871
281, 224.327820, 185.331131
282, 221.228195, 181.691269
283, 217.796478, 177.464828
284, 213.850464, 173.232117
285, 212.000000, 170.000000
286, 210.125610, 166.623154
287, 205.810562, 163.437881
288, 202.000000, 159.500000
289, 199.500000, 157.000000
290, 196.747269, 153.507278
291, 193.595886, 150.308212
292, 188.057693, 146.423080
293, 184.500000, 143.500000
294, 182.255585, 142.207901
295, 178.000000, 138.000000
296, 174.991226, 135.763153
297, 169.807892, 132.907379
298, 165.303925, 130.088242
299, 164.077057, 129.335129
300, 158.872375, 125.972458
301, 154.872375, 123.972458
302, 150.160019, 121.552467
303, 146.526520, 120.009285
304, 145.107361, 119.082825
305, 140.673645, 117.761505
306, 136.500000, 116.500000
307, 131.352707, 114.257751
308, 126.965515, 113.379311
309, 122.194099, 111.650620
310, 118.379852, 110.720276
311, 114.609619, 110.042023
312, 110.044327, 109.198700
313, 105.000000, 107.500000
314, 101.904259, 107.691490
315, 97.891304, 106.847824
316, 94.337715, 106.792114
317, 89.852943, 106.382355
318, 85.995049, 106.133667
319, 80.142860, 104.714287
320, 78.066757, 106.222069
321, 72.296326, 105.467445
322, 69.500000, 106.500000
323, 64.000000, 106.000000
324, 60.500000, 107.000000
325, 54.925533, 107.148933
326, 50.925533, 108.148933
327, 47.095745, 108.308510
328, 42.000000, 109.500000
329, 38.500000, 111.500000
330, 35.500000, 112.500000
331, 31.500000, 114.500000
332, 26.177204, 115.726288
333, 22.000000, 117.000000
334, 18.000000, 119.000000
335, 13.500000, 121.000000
336, 9.500000, 123.000000
337, 8.000000, 125.000000
338, 5.500000, 127.000000
339, 4.000000, 130.000000
340, 2.500000, 131.500000
341, 2.500000, 133.500000
342, 2.000000, 136.000000
343, 1.500000, 137.500000
