1, 310.328369, 274.335815
2, 310.000000, 274.500000
3, 310.000000, 274.000000
4, 310.083344, 274.444458
5, 310.305054, 274.986084
6, 310.000000, 274.500000
7, 310.000000, 274.500000
8, 310.134552, 274.536560
9, 310.000000, 274.500000
10, 310.000000, 274.500000
11, 310.000000, 274.500000
12, 310.000000, 274.500000
13, 310.000000, 274.500000
14, 310.000000, 274.500000
15, 310.000000, 274.500000
16, 310.176483, 274.647064
17, 310.176483, 274.647064
18, 310.176483, 274.647064
19, 310.216339, 274.431763
20, 310.216339, 274.431763
21, 310.111511, 274.248199
22, 310.000000, 274.000000
23, 310.000000, 274.000000
24, 310.000000, 274.000000
25, 310.000000, 274.000000
26, 310.000000, 274.000000
27, 310.000000, 273.500000
28, 309.902161, 273.657623
29, 310.017395, 273.177490
30, 310.034882, 273.104645
31, 310.034882, 273.104645
32, 310.034882, 273.104645
33, 310.034882, 273.104645
34, 310.034882, 273.104645
35, 309.500000, 272.500000
36, 309.576935, 272.076935
37, 309.487701, 272.060211
38, 309.502563, 272.062988
39, 309.548187, 271.740967
40, 309.500000, 271.735291
41, 309.500000, 271.500000
42, 309.410980, 271.429321
43, 309.500000, 271.233337
44, 309.257141, 271.217133
45, 309.257141, 271.217133
46, 309.257141, 271.217133
47, 309.500000, 270.500000
48, 309.409760, 270.515045
49, 309.413055, 270.500000
50, 309.413055, 270.500000
51, 309.000000, 270.500000
52, 309.000000, 270.500000
53, 309.000000, 270.500000
54, 309.000000, 270.000000
55, 309.000000, 270.000000
56, 309.000000, 270.000000
57, 309.000000, 270.000000
58, 309.000000, 270.000000
59, 309.000000, 270.000000
60, 309.000000, 270.000000
61, 309.000000, 270.000000
62, 309.000000, 270.000000
63, 309.000000, 270.000000
64, 309.000000, 270.000000
65, 309.000000, 270.000000
66, 309.000000, 270.000000
67, 309.000000, 269.500000
68, 309.000000, 270.000000
69, 309.000000, 270.000000
70, 309.000000, 270.000000
71, 309.000000, 269.500000
72, 309.000000, 269.500000
73, 309.000000, 269.500000
74, 309.000000, 269.500000
75, 309.000000, 269.500000
76, 309.166656, 269.500000
77, 309.166656, 269.500000
78, 309.166656, 269.500000
79, 308.921051, 269.657898
80, 309.000000, 269.500000
81, 309.000000, 269.500000
82, 309.166656, 269.500000
83, 309.166656, 269.500000
84, 309.166656, 269.500000
85, 309.166656, 269.500000
86, 309.166656, 269.500000
87, 309.166656, 269.500000
88, 309.166656, 269.500000
89, 309.166656, 269.500000
90, 309.166656, 269.500000
91, 309.000000, 270.000000
92, 309.000000, 270.000000
93, 309.000000, 269.500000
94, 309.166656, 269.500000
95, 309.166656, 269.500000
96, 309.166656, 269.500000
97, 309.166656, 269.500000
98, 309.000000, 270.000000
99, 309.000000, 270.000000
100, 309.000000, 270.500000
101, 309.000000, 270.500000
102, 309.000000, 270.000000
103, 309.000000, 269.500000
104, 309.166656, 269.500000
105, 309.000000, 269.500000
106, 309.166656, 269.500000
107, 309.166656, 269.500000
108, 309.190491, 270.000000
109, 309.000000, 270.000000
110, 309.000000, 270.000000
111, 309.166656, 269.500000
112, 309.166656, 269.500000
113, 309.166656, 269.500000
114, 309.500000, 269.000000
115, 309.166656, 269.500000
116, 309.166656, 269.500000
117, 309.000000, 270.500000
118, 309.000000, 270.500000
119, 309.000000, 270.500000
120, 309.000000, 270.500000
121, 309.000000, 270.000000
122, 309.000000, 269.500000
123, 309.000000, 269.500000
124, 309.000000, 269.500000
125, 309.000000, 269.500000
126, 309.000000, 269.500000
127, 309.000000, 269.500000
128, 309.000000, 269.500000
129, 309.000000, 269.500000
130, 309.000000, 269.500000
131, 309.000000, 269.000000
132, 309.000000, 268.500000
133, 309.500000, 268.000000
134, 309.000000, 268.500000
135, 309.000000, 268.500000
136, 309.166656, 268.500000
137, 309.500000, 268.000000
138, 309.500000, 268.000000
139, 309.000000, 268.500000
140, 309.000000, 268.500000
141, 309.000000, 268.500000
142, 309.521729, 268.000000
143, 309.630432, 267.000000
144, 309.500000, 267.000000
145, 309.500000, 267.000000
146, 309.500000, 267.000000
147, 309.500000, 267.000000
148, 309.500000, 267.000000
149, 309.630432, 267.000000
150, 309.521729, 267.000000
151, 309.677673, 266.601532
152, 309.681824, 266.590912
153, 309.661285, 266.177429
154, 309.879303, 265.741394
155, 310.000000, 265.000000
156, 310.000000, 264.500000
157, 310.115387, 264.269226
158, 310.000000, 263.500000
159, 310.000000, 263.500000
160, 310.000000, 262.500000
161, 310.190491, 262.000000
162, 310.310486, 261.556458
163, 310.757874, 260.732697
164, 311.000000, 259.500000
165, 311.090912, 259.000000
166, 311.000000, 258.500000
167, 311.345917, 257.703278
168, 311.500000, 257.000000
169, 311.500000, 256.500000
170, 312.090912, 255.000000
171, 312.339661, 254.657440
172, 312.394409, 253.667709
173, 312.500000, 252.500000
174, 313.116272, 251.139542
175, 313.339844, 250.702850
176, 313.351837, 249.746918
177, 313.351837, 248.746918
178, 313.862305, 247.688400
179, 314.238464, 246.638458
180, 314.500000, 245.500000
181, 314.993164, 243.678085
182, 315.351837, 242.746918
183, 315.574066, 241.314819
184, 315.914642, 239.817078
185, 316.509888, 239.301987
186, 317.116272, 237.139542
187, 317.425232, 236.285049
188, 317.810669, 234.674759
189, 318.425232, 233.285049
190, 318.810669, 231.674759
191, 319.425232, 230.285049
192, 319.813873, 228.675186
193, 320.513367, 227.931442
194, 320.793579, 226.555038
195, 321.043701, 225.208740
196, 321.793579, 223.555038
197, 322.425232, 222.285049
198, 323.043701, 221.208740
199, 323.632446, 219.956955
200, 323.937500, 219.187500
201, 324.648163, 217.527771
202, 325.043701, 216.208740
203, 325.882355, 215.176468
204, 326.271698, 213.705795
205, 326.882355, 213.176468
206, 327.882355, 212.176468
207, 328.086334, 210.656357
208, 328.882355, 209.176468
209, 329.303436, 208.372421
210, 329.882355, 207.176468
211, 330.500000, 206.115387
212, 330.882355, 205.176468
213, 331.882355, 204.176468
214, 332.150360, 203.328674
215, 332.882355, 202.176468
216, 333.510193, 201.102036
217, 334.104156, 199.843750
218, 334.510193, 199.102036
219, 335.150360, 198.328674
220, 335.786224, 197.224640
221, 336.335052, 196.067017
222, 336.763550, 194.770752
223, 337.510193, 194.102036
224, 338.150360, 193.328674
225, 338.786224, 192.224640
226, 339.510193, 191.102036
227, 340.150360, 190.328674
228, 340.551361, 189.513702
229, 341.551361, 188.513702
230, 341.783936, 188.179016
231, 342.551361, 186.513702
232, 343.500000, 185.576920
233, 343.786224, 185.224640
234, 344.395844, 184.472229
235, 344.805450, 183.609085
236, 345.551361, 182.513702
237, 346.500000, 181.833328
238, 346.783936, 181.179016
239, 347.786224, 180.224640
240, 348.500000, 179.576920
241, 348.818390, 178.867706
242, 349.617645, 178.176468
243, 350.165314, 177.193878
244, 350.786224, 176.224640
245, 351.551361, 175.513702
246, 352.000000, 174.666672
247, 352.617645, 174.176468
248, 353.165314, 173.193878
249, 354.000000, 172.384613
250, 354.820312, 171.906250
251, 355.165314, 171.193878
252, 356.000000, 170.384613
253, 356.818390, 169.867706
254, 357.165314, 169.193878
255, 358.000000, 168.384613
256, 358.805450, 167.609085
257, 359.165314, 167.193878
258, 360.165314, 166.193878
259, 360.500000, 165.045456
260, 361.500000, 164.142853
261, 362.500000, 163.807693
262, 363.201874, 162.462265
263, 364.188538, 161.729507
264, 364.500000, 161.045456
265, 365.500000, 160.045456
266, 366.500000, 159.045456
267, 367.500000, 158.192307
268, 368.500000, 157.045456
269, 369.722229, 156.277771
270, 370.722229, 155.277771
271, 371.716827, 154.380524
272, 372.686676, 153.953339
273, 373.686676, 152.953339
274, 374.684540, 151.993561
275, 375.684540, 150.993561
276, 376.721161, 149.298080
277, 378.169739, 149.105499
278, 379.146332, 148.573166
279, 380.169739, 147.105499
280, 381.169739, 146.105499
281, 382.169739, 145.105499
282, 383.833344, 144.833328
283, 384.686676, 143.953339
284, 385.690491, 142.880951
285, 386.690491, 141.880951
286, 387.690491, 140.880951
287, 389.136353, 140.772720
288, 390.136353, 139.772720
289, 391.500000, 138.699997
290, 392.683563, 138.012070
291, 393.666656, 137.333328
292, 394.817078, 136.987808
293, 395.690491, 135.880951
294, 396.690491, 134.880951
295, 397.891296, 134.282608
296, 398.891296, 133.282608
297, 400.236053, 133.251266
298, 400.891296, 132.282608
299, 402.236053, 131.251266
300, 403.418365, 131.234695
301, 404.236053, 130.251266
302, 405.500000, 129.500000
303, 406.500000, 128.500000
304, 407.250000, 128.000000
305, 408.690491, 127.880951
306, 409.735291, 126.970589
307, 410.690491, 126.880951
308, 411.891296, 126.282608
309, 412.829773, 125.867020
310, 414.418365, 125.234695
311, 414.829773, 124.867020
312, 416.444458, 124.000000
313, 417.513519, 123.155403
314, 418.444458, 123.000000
315, 419.666656, 122.500000
316, 420.500000, 121.500000
317, 421.666656, 121.500000
318, 422.444458, 121.000000
319, 423.666656, 120.500000
320, 424.658813, 120.482353
321, 425.666656, 119.500000
322, 426.658813, 119.482353
323, 427.829773, 118.867020
324, 428.666656, 118.500000
325, 429.868408, 117.500000
326, 431.295074, 117.663933
327, 432.295074, 116.663933
328, 433.422333, 116.800972
329, 434.388885, 116.500000
330, 435.444458, 116.000000
331, 436.444458, 115.000000
332, 437.658813, 115.482353
333, 438.666656, 114.500000
334, 439.815796, 114.000000
335, 440.829773, 113.867020
336, 441.868408, 113.500000
337, 442.829773, 113.132980
338, 444.295074, 112.663933
339, 445.422333, 112.800972
340, 446.444458, 112.000000
341, 447.295074, 111.663933
342, 448.422333, 111.800972
343, 449.663635, 110.518181
344, 450.799988, 110.800003
345, 451.663635, 110.481819
346, 452.868408, 109.500000
347, 454.295074, 109.663933
348, 454.868408, 109.500000
349, 456.194458, 109.000000
350, 457.194458, 109.000000
351, 458.388885, 108.500000
352, 459.194458, 108.000000
353, 460.194458, 108.000000
354, 461.194458, 108.000000
355, 462.388885, 107.500000
356, 463.203918, 107.170387
357, 464.194458, 107.000000
358, 464.815796, 107.000000
359, 465.657898, 106.500000
360, 466.500000, 107.000000
361, 467.388885, 106.500000
362, 468.194458, 106.000000
363, 469.000000, 106.000000
364, 469.222229, 105.500000
365, 469.868408, 105.500000
366, 470.388885, 105.500000
367, 471.388885, 105.500000
368, 471.583344, 105.000000
369, 472.203918, 105.170387
370, 472.583344, 105.000000
371, 473.194458, 105.000000
372, 473.583344, 105.000000
373, 474.194458, 105.000000
374, 474.194458, 105.000000
375, 474.388885, 104.500000
376, 474.657898, 104.500000
377, 474.658813, 104.517647
378, 474.658813, 104.517647
379, 475.000000, 105.000000
380, 475.222229, 104.500000
